#
# 'H' Matrix-10x10
#
   1.000000   0.500000   0.333333   0.250000   0.200000   0.166667   0.142857   0.125000   0.111111   0.100000
   0.500000   0.333333   0.250000   0.200000   0.166667   0.142857   0.125000   0.111111   0.100000   0.090909
   0.333333   0.250000   0.200000   0.166667   0.142857   0.125000   0.111111   0.100000   0.090909   0.083333
   0.250000   0.200000   0.166667   0.142857   0.125000   0.111111   0.100000   0.090909   0.083333   0.076923
   0.200000   0.166667   0.142857   0.125000   0.111111   0.100000   0.090909   0.083333   0.076923   0.071429
   0.166667   0.142857   0.125000   0.111111   0.100000   0.090909   0.083333   0.076923   0.071429   0.066667
   0.142857   0.125000   0.111111   0.100000   0.090909   0.083333   0.076923   0.071429   0.066667   0.062500
   0.125000   0.111111   0.100000   0.090909   0.083333   0.076923   0.071429   0.066667   0.062500   0.058824
   0.111111   0.100000   0.090909   0.083333   0.076923   0.071429   0.066667   0.062500   0.058824   0.055556
   0.100000   0.090909   0.083333   0.076923   0.071429   0.066667   0.062500   0.058824   0.055556   0.052632
#
# 'R' Lösungsvektor
#
   0.693147   0.306853   0.193147   0.140186   0.109814   0.090186   0.076481   0.066377   0.058623   0.052488
#
# Lösung des LGS
#
   1.000000  -0.999988   0.999654  -0.995692   0.970906  -0.880052   0.674997  -0.386567   0.140310  -0.023567
